test(Database, histDatabase, TextonDatabase)

chiSquareArr =

   1.0e+05 *

  Columns 1 through 12

    0.0082    0.5018    0.5022    1.2277    0.2166    0.6962    0.1324    0.6154    1.7632    0.5520    0.2491    1.5838

  Column 13

    0.4627


minindex =

     1


chiSquareArr =

   1.0e+05 *

  Columns 1 through 12

    0.4394    0.0702    0.8810    1.8718    0.2495    1.0053    0.6942    0.8504    1.4180    0.9560    0.7380    1.2682

  Column 13

    0.3242


minindex =

     2


chiSquareArr =

   1.0e+05 *

  Columns 1 through 12

    0.5009    0.9193    0.0189    1.4404    0.8431    1.3865    0.4140    1.3106    2.1181    0.8299    0.8379    1.8136

  Column 13

    0.7440


minindex =

     3


chiSquareArr =

   1.0e+05 *

  Columns 1 through 12

    1.3547    1.9789    1.5193    0.0236    1.7464    1.4204    1.2939    1.6775    2.5343    1.5064    1.5739    2.3972

  Column 13

    2.0071


minindex =

     4


chiSquareArr =

   1.0e+05 *

  Columns 1 through 12

    0.2250    0.2900    0.8492    1.6460    0.0095    0.9134    0.4070    0.7367    1.5642    0.6420    0.3656    1.3870

  Column 13

    0.3390


minindex =

     5


chiSquareArr =

   1.0e+05 *

  Columns 1 through 12

    0.7200    1.0254    1.3886    1.3719    0.9434    0.0057    0.9169    0.3784    1.2110    1.0326    1.0472    1.6877

  Column 13

    1.4637


minindex =

     6


chiSquareArr =

   1.0e+05 *

  Columns 1 through 12

    0.0959    0.6791    0.3728    1.1749    0.3434    0.8700    0.0540    0.8640    1.9505    0.3735    0.2776    1.6847

  Column 13

    0.5722


minindex =

     7


chiSquareArr =

   1.0e+05 *

  Columns 1 through 12

    0.6322    0.8519    1.3054    1.6040    0.7433    0.3501    0.9092    0.0145    1.0214    1.1483    0.9407    1.5714

  Column 13

    1.2229


minindex =

     8


chiSquareArr =

   1.0e+05 *

  Columns 1 through 12

    1.5464    1.1395    1.9877    2.4163    1.3015    1.0840    1.8157    0.9072    0.1743    1.7861    1.8675    1.3908

  Column 13

    1.6873


minindex =

     9


chiSquareArr =

   1.0e+05 *

  Columns 1 through 12

    0.5612    1.0014    0.8378    1.4116    0.6432    0.9820    0.4451    1.1319    1.9220    0.0038    0.7520    1.7670

  Column 13

    1.0989


minindex =

    10


chiSquareArr =

   1.0e+05 *

  Columns 1 through 12

    0.2211    0.6381    0.8171    1.5052    0.2622    1.0063    0.3215    0.8807    1.9727    0.7298    0.0521    1.6650

  Column 13

    0.4806


minindex =

    11


chiSquareArr =

   1.0e+05 *

  Columns 1 through 12

    0.9910    0.5910    1.3778    2.0482    0.7612    1.1975    1.1530    1.0506    0.9358    1.3290    1.1741    0.3244

  Column 13

    1.0501


minindex =

    12


chiSquareArr =

   1.0e+05 *

  Columns 1 through 12

    0.4790    0.4099    0.7680    1.9084    0.3935    1.4571    0.6353    1.2318    1.9791    1.1059    0.6402    1.6058

  Column 13

    0.0077


minindex =

    13